40951547
182465527
207907657
281235205
291407781
314306898
348357157
435665104
491561256
505347953
562963835
578834243
582333424
597636281
605118788
644915201
649733766
657137723
729234950
772665196
790252595
793935709
919897152
932377885
987079643
1003646023
1007033407
1007736337
1046534077
1054257761
1102658177
1115331857
1176905308
1217382963
1261702963
1329161465
1428503248
1446533099
1451804165
1506789480
1556814022
1569845609
1620704839
1627083343
1627218380
1696403558
1768520441
1835365331
1932853427
1941936931
1943037767
2211752219
2251867717
2361517184
2446184361
2538618504
2563134069
3344929186
123436059
137416458
188968789
247028077
279121350
283665752
286135178
287996246
290421043
330545329
332963122
374580618
374977572
416093241
417106746
423036177
424101498
427797676
445865575
451405862
452460269
471879661
495764709
498339023
498657392
524563940
527547392
530328538
601319401
604778203
630366639
651950424
717247746
727879645
746335700
754088291
776277697
786017518
793220708
805207063
892940801
914213393
936885824
940863722
952804369
982836390
995393058
1023722238
1028834441
1093517199
1132782089
1219985081
1224991024
1273856959
1329062517
1340178792
1353949536
1374657342
1447783691
1501996614
1508798312
1522160851
1539949068
1609134550
1746731238
1780425089
1842141608
2804272295
275859352
302734157
329638596
359037327
406248872
547635249
553681127
573356486
763248830
956919098
1554485640
2903160
77535924
275560650
312052759
361072774
389980881
402126925
409340721
411307827
441744631
446154669
489299028
531506864
574507758
584594648
619260532
623013171
740284985
767694019
785562819
1010146007
1070238965
1150533476
1248907012
1594213029
1678497555
2431935176
2835773315
79270300
350182169
374298714
374686536
404908313
406835446
409360553
469020024
495122331
526783802
542567880
584184263
594387862
757001119
821663556
942884017
1019997263
1029563404
1144549013
1207467967
1259679138
1316694881
1508132343
1522526026
1543783262
